692 960 583
229 117 512 812
192

217
339 989
981 989
960 217
612 981 692
634 339
70


614 692 43
804 70 229
198 118 692 43
614 339 217
960
612 339 118
201 22 692 217 364
201
804 712 116
634 692 116 960 57
118 583
634 712
70
198
192 339 692

201 118 989 583
176 989 217
612 989 960 217
614 176 70 118
192 176 201 117 490 583 43
612 634 70 229 392 300 512
614 804 634 217
192 5
192 5 719 57
192 70
634 490
229 117
201 634 692
201 634 70 118
804
201 70 989 116
198 300 989

70

229 300
719 960
43
614 712 117 217
339 692
43 217
118 692 116 217
612 198 229 392
198 719
70 217
70 692 989 43 217
192 512 217
5

634

612 198 692 812 57
614 43
229 339 300 118 812 217
692 989 217
692
198 374 300 692
692 217
634 692
634
118 692
804
70 692 989
70 692 719
198 634
612 634
392 217
198 804 217 364
804 118 692 989 960 217
804
804 692 989 43 364

192 22 981 116 5
22 989
614 176
612 339
804 692 989
118 692 812
22 981
614
43
201 634
192 692 43
192 176 989 217
70 812


192 812
981 374 364
374 229 5
612 198 70 692 57
201 70 989 116
614
22 583
198 634 719
392 118
614 692
812 217
198
229 116
201 229
70 692 712
614 634 692
614 176 364
192 614 339 5
22 692 116
5 217
614 804 116
300
634 692 43

198 812 217
583

981
989 116 217
804 5
392
989 43
634 960
804 300
712 5
201 960
614 692
614 692
364
198 374
198 22 70 118 57
201 712
198 490 812
634 692
201 960
70 229
43 217
192 339 117 490
634 719
118 989 57
989 812 960
70 392 57
176 229 217
634 981 989 812 960
229 339 583 57 217

176 692 217
692 116 812
634
300 692 583 57
634
192 490 57
192 70 812 217
612 692
201 583
634 70 5 960 583 57
229 712
981 217
339 118 512
612
198 201 70 392 118
229 719 217 364
229 339 118 692 989
229 712 989
117
339
229 118 692 117 217

634 812
692
812
116
198 70 229 692 117

192 804
634 70
989
70
583 217
374
118 692
374
692

229 692 490
201 989 960
229
392


22 229 490 812
229 118 692
374 692 57
634 339 812 217
614 70 490 812
612 192 198
339 989
198
712 719
201 116 217
192 229 712
614 339 512 217
70
614 634
989
22 339
634
612 118 719
804 989
198 300 989
692 116 512

192 614 374
70 118
229 5
22 634 70
804
612 198 804
300 217
201
116
201 70 118
812
198 70 118 960 217
201 490 812 583
43
634
229 719 364
374 118 692 217
612 198
804

692 490
374 43
201 229 812 57
117 364

692 57 217
612 217 364
192 614

612 614 634
804 22 981 692 490
229 217
981 118 712 43 217

176 217
192 981 70 712 719
614 117 217
634
612
719 57
392 712 116
981 374 989
614 176 118 692
612 614 70 583
198 339 116
612 70 43

634 70 5
300 117 812
512 583
192 22

229 300 217
612 198
217
176 634 70 692 116 57
118
229 339

217
217
43
192 70
192 176 117 490
5
634
70 43 217
198 217
192 118 989
634
70
229 5 57

176 392 300 812
176 300 117 812
634 712 217
692 989
614 634
198 43
192 960
70 118 583
612 198

70 989
804 339
634
192 229
339 43
981 712 217
229 392 512
374 712 43

198 583
692 512
634 70
229 692 490 5

614 634 217
118
614 176 229 116
612 176 490 217
117
117
634
614 198 692
804 719 217
198 176 201 217
229 692
634 70 960
804 634 43
192 804 634 692 117


192 201 70 229 118
300 512 57
192 614
217
229

176 712 217
198 201 70 118

692
70 490 217
612 192 614 117 989 43
612 804
374 692 43

118

981 512
614 118 989
634 217
804
5
614 198 634
634 490 583
981
229 692 5
217
22 229 692
217
217
192
300
614 712
634 70 392 118 692 57
229 116 43
229 300 960 217
339 960 217 364
614 692 43
198 201 229 392 118 692 116
634 229
612 198 692
229 692 116
229 392 692 512 583
118 692 364
804 712
176 300 692 490 217

43
5
70
192 229 217
614 981 719 217
614 198 364
300
804
22 692 43 217
192 198 634 812 960
692 490
989 217

70 229 712 490
614 339 692 712 57 217 364
229 692
981 512 217 364
989
118 692 217
192 614 229 692 5

192 583 43 364
198 22 634 692
612 198 634 217
198 201 229 583 217 364
229 339 118 812 217
22 217

634 229
118 692 583
612 692 116 217
118
634 300 43
229 5
198 176 712 117 217
614 43

300 217
116
70

692 490 512
117 217
614 198
192 217
614

692 364
229
583
70 229 117
201 960
804 989 583
981 712
192 5
804
374 692 989
614 692
192
981

22 692 583

217
22 339
300 116
22 339 812 960 217
198
804 201 229 692 719
634 217
634 217
512 57
229
614 117 812
634 981 712 217
614 339 812 217
22 300
634 70 339
70
692

981
229
712
634 217
229 5
490 217
70 692
176 981 118 692 217
634 981 692
300 692 43
192 70
634 812 960 217
198 634
614 804 339 217

692 490 217
634 719
612 198 490 812 583 217
198 70 719
198 217
198
692
981

614 176 300
229 583
804 634 339 719 217
201
614 804 116
118 812
614 70 692
116
118 989
217
692 116
192 201 229 116

118 692 43
634 116
229
229 116 5
712

192 339 490 57 217
117
192 22 300
229
712
70
192 804 201 981 70
692 116
198
192
198 70 118 712
192 692 116 5
719
614 22 812
229
201
804
339 989 812 217

116
229 712 117
217
339 989
198 692 583
583 217
192 57
612 374 300 712 583
614 981 300 712
614
614 374 217
804 22 981
692 116 43 217
118 989
634 692
118 692 583 217
192 300
339 490
583
612 118 989
118
614 176 229 692 989 512
217
634

583
634 712 217
339 989 960
229 43
692

198
364
201 339 512 812 217

300
118 217
364 192 614 229 692 583 43
812 217

217
692

229 392 512
176 490 217
634 692 812
43
612 614 804 374 116
198 176
217
192 176 981 300 692 217
614 804 201 229 5 217
634 719 960 583
201 116 217
217
70
201 339 989

192 812
22 118
804
692
70
804 339 217
392
192 229 583
614 300 692 989 57
229
339 300 692 116 217
217
490
192 804 43
804 692
960 634 812
614 339 960 217
614 118 692 217
198 117
981 712

70 719

198 22 712 812 217
804 217
192 804 229 512 583
339 692 719 57
192 712
198 374 300
960
612 201 229

692
634
192 339
614 198
804 981 719

374 118 217

300 692 43 364
392 118 512
339 712
22
116
22 692 217
229 43
217
634 217
22
583
614 198 981
634 339 118 989 217
198 712 583
634 374 692 719
804 229 339 989 960
981 300
198 339 5 583 43
981
176 217

692
612 229 692 116
22
192 634 116 43
198 22
634
201 634
217
512
614 339 217 364
22 70 229 339 118 692 116 812
22 339 692 989
612 198 229 116 583

981
583

614 583
201
634 217
614 176
229
712
634 490 812
634
712
692 116
339 812 583 217
70 118 5 719
229
804 392 692
117
989
70 490

634 490
198 583
374
804
612 989 960
614 43
192 981
339 989
217
192 804 339 692
117 812
614 117 812 217
229 300
43
692
192 217

229 583
70
614 176 57 43 217
198
116 719 43 217
118
614 634 374
614 176 692 712
217
192 229 583
612 229 712 719

692

22 339

981 70 217
719 217
614 981
804 201 392
981 583 57 43
339 118
981
118 692 719
374 719


118 692 217
339 43 364
22
614 198
70
614 22 229 392 116
804
614 804 116 812
198 392 116
612
490
198 392 712 117 116 719
612 490 812
217 364
692 960
614 229 692
198
804 712
229 57
176 374 692 217
804

719 217
118 989 217
634 490
70
217
300
490 812 57
117 812
70
614 201 812
614 176 712
614 804 989 43 217
198 512 217
392 118 692 116
804 217
116 583 217
229 490 812
22 118 5
614 804
192 614 70
989
70 217

192 201 300 692 5
5 583 217
614 804 116 490 812
70 692
176 374


692 43
804

70
634 70
804 692
229
43
192 118 583 217
614 201 812 217
70 812
192
198 176 692 989
198 981
804 634 692 989
229 300
70
634 217
634 43

118 217
118 989
374 217
339 712 719
614 634
989 43
217
198 804 692 364
192 198 70
804 201 70
70 229 217

118
339
22
198 176 392 812
989
118 43
229 583 217
192 692 989
612 198
614 812
118 117
614 217
804
989
692 512 583
804 116 217

804 512 583 43 364
712
612 692
201
692 490 812
70 692 490
117 217
192 70 300
43

201 229
198
70 300
614 300 117
634 70
981 374 117 812 217
201 634 989
512 217
374 217
692 43
300 989 812
192 117
192 176 70 300 5 960 583
692 43
692 989
70 116
201
989
804 692
118
612 198 692 712 719 217
70 118
192 804 634
614 176 118 490 812 217
804 634 339 117
5

229 116 5 364
614 804 22 339 116
374 229
70 490 43
117 812
612
692 57
198 981 392
70 989 217
989
339 812 960 217
192 512 217
217
217
634 217
198 634 229 812
612 614 634

300
614 176 634
612 198 981 70 118 692
612 22 692
981
229
5
981 692 490 719
192 43
198 634 217
612 634
989
981 692 719 583
692 116 57
229 116 512
614
198 217
614 229 692

981 43
201 339
192 634 217
692 217
981
612 229 118 989
70 339 118 692
614 198 712
612 392 116
692 812
804 634 374 719
229 392 512 217

116 43
583 217
118
989

70

201 70 116 512 217
804
374 300 712
804 229 692 43
804
176 229 339 117 116 490 217
198 989 217
192 43
804 692 490 812
70 339
192 804 70
201 634 583
339 989
300

692 5
300 364
229 712 217
374 300 217
176 201 712 583
176

117 217
981 989 719 43

392 118 692
198 70 116 217
804 981 339 43
614 118 989

217
300 512
804 116 217
634 981 692
300 217
804
374 692 989 812
804
634 981
70 719
198
719
960
339 812
692 490
712 5

634 692
364
392
614 804 229 339
634 70 118 692
981 989 719 960 217 364
804 217
192 22
217
804
70 712
614 692
614 692
614 117 43
612 198 634 229 116 490 812
43 364
192 70 229
392
70 57
989
229 583
374 229 812 43
583
192 198 804 719
229 43
712 364
229 118
614 692
43


981 22

70 692
